2025-02-25 15:01:02,03:03,0.52,N/A
2025-02-25 15:01:02,03:03,0.52,N/A
