2025-03-04 15:30:16,00:04,0.0,N/A
